1753549663634 0.0001 0
1753549695630 0.0001 1
1753549727926 0.0001 2
1753549760872 0.0001 3
1753549793902 0.0001 4
1753549826354 0.0001 5
1753549858531 0.0001 6
1753549891018 0.0001 7
1753549922983 0.0001 8
1753549956182 0.0001 9
1753549990141 0.0001 10
1753550023437 0.0001 11
1753550055869 0.0001 12
1753550090107 0.0001 13
1753550123455 0.0001 14
1753550156475 0.0001 15
1753550189071 0.0001 16
1753550223897 0.0001 17
1753550258977 0.0001 18
1753550292904 0.0001 19
1753550325742 0.0001 20
1753550359171 0.0001 21
1753550392185 0.0001 22
1753550425145 0.0001 23
1753550457291 0.0001 24
1753550489454 0.0001 25
1753550521722 0.0001 26
1753550553803 0.0001 27
1753550585990 0.0001 28
1753550618597 0.0001 29
1753550650687 0.0001 30
1753550683574 0.0001 31
1753550715899 0.0001 32
1753550747833 0.0001 33
1753550779673 0.0001 34
1753550811421 0.0001 35
1753550843864 0.0001 36
1753550876075 0.0001 37
1753550907912 0.0001 38
1753550939984 0.0001 39
1753550972333 0.0001 40
1753551004723 0.0001 41
1753551036738 0.0001 42
1753551068836 0.0001 43
1753551100897 0.0001 44
1753551133096 0.0001 45
1753551165360 0.0001 46
1753551197945 0.0001 47
1753551229947 0.0001 48
1753551262113 1e-05 49
1753551294138 1e-05 50
1753551326271 1e-05 51
1753551358334 1e-05 52
1753551390243 1e-05 53
1753549663634 0.0001 0
