1753549663533 0.3922472920008004 0
1753549695529 0.12352009781325857 1
1753549727826 0.09160182771583399 2
1753549760768 0.07753688059405735 3
1753549793800 0.06501451010939975 4
1753549826255 0.058668446140286205 5
1753549858430 0.05231799264046519 6
1753549890916 0.048901873038344396 7
1753549922883 0.04248240958061069 8
1753549956071 0.040965352225097985 9
1753549990030 0.03647437125545305 10
1753550023337 0.03516844935864598 11
1753550055769 0.033120737829847105 12
1753550089995 0.02958742940115432 13
1753550123349 0.02793550271820762 14
1753550156372 0.027350605949633365 15
1753550188945 0.02652834265632555 16
1753550223787 0.024653147532992685 17
1753550258865 0.021459020969525833 18
1753550292811 0.021525581367784374 19
1753550325632 0.021942946204964148 20
1753550359064 0.02088583048977307 21
1753550392077 0.02037233763905048 22
1753550425046 0.01811018561248299 23
1753550457197 0.018518618839530973 24
1753550489349 0.01756896560622651 25
1753550521615 0.01896721251632213 26
1753550553706 0.01579433886857684 27
1753550585882 0.015278915140280637 28
1753550618502 0.015332471839816814 29
1753550650583 0.014165776650894865 30
1753550683479 0.01437969156077573 31
1753550715792 0.014053051496812258 32
1753550747725 0.013145772130632396 33
1753550779570 0.013549557748737546 34
1753550811314 0.01248919648227517 35
1753550843756 0.012956692668751203 36
1753550875968 0.011834500249886332 37
1753550907805 0.011869756607846284 38
1753550939872 0.010804232298359844 39
1753550972222 0.011809091743334648 40
1753551004613 0.011053938915900896 41
1753551036631 0.010940631091392181 42
1753551068734 0.011414835871266404 43
1753551100790 0.01009547721591313 44
1753551132994 0.010705189589574426 45
1753551165254 0.009875929202095297 46
1753551197835 0.009429840339371973 47
1753551229835 0.009900312197343207 48
1753551262012 0.008621085865396404 49
1753551294029 0.006442384254086998 50
1753551326166 0.006755955737484328 51
1753551358236 0.0062552500947679925 52
1753551390135 0.00636143528350082 53
1753549663533 0.3922472920008004 0
