1753549663558 0.8927291666666667 0
1753549695553 0.9624375 1
1753549727857 0.9727708333333334 2
1753549760793 0.9757291666666666 3
1753549793825 0.9798333333333333 4
1753549826286 0.981625 5
1753549858455 0.9833541666666666 6
1753549890940 0.9844166666666667 7
1753549922908 0.9865208333333333 8
1753549956099 0.9868958333333333 9
1753549990062 0.9883125 10
1753550023362 0.9888333333333333 11
1753550055798 0.9899166666666667 12
1753550090032 0.990875 13
1753550123377 0.9908333333333333 14
1753550156397 0.9912083333333334 15
1753550188983 0.9917291666666667 16
1753550223814 0.9919791666666666 17
1753550258898 0.9932708333333333 18
1753550292835 0.9935208333333333 19
1753550325666 0.9931875 20
1753550359089 0.9931875 21
1753550392104 0.9935208333333333 22
1753550425069 0.994 23
1753550457222 0.9941041666666667 24
1753550489375 0.9941666666666666 25
1753550521648 0.9936458333333333 26
1753550553731 0.9950416666666667 27
1753550585907 0.9951041666666667 28
1753550618527 0.9947083333333333 29
1753550650608 0.9953541666666667 30
1753550683504 0.99525 31
1753550715822 0.9955416666666667 32
1753550747751 0.9956666666666667 33
1753550779595 0.9955416666666667 34
1753550811341 0.9961875 35
1753550843791 0.9957083333333333 36
1753550875995 0.9961875 37
1753550907831 0.9960833333333333 38
1753550939898 0.996625 39
1753550972260 0.9963125 40
1753551004638 0.9965833333333334 41
1753551036656 0.9965208333333333 42
1753551068758 0.9965416666666667 43
1753551100815 0.9967083333333333 44
1753551133019 0.99675 45
1753551165281 0.9966875 46
1753551197860 0.9966458333333333 47
1753551229860 0.9967083333333333 48
1753551262038 0.9974166666666666 49
1753551294056 0.9979791666666666 50
1753551326197 0.997625 51
1753551358261 0.9979583333333333 52
1753551390161 0.9980833333333333 53
1753549663558 0.8927291666666667 0
