1753712669893 0.23835240056117377 0
1753712670119 0.10356873009974758 1
1753712670344 0.11233287111390382 2
1753712670571 0.06726283019524999 3
1753712670797 0.034574688153224994 4
1753712671018 0.03846317532588728 5
1753712671248 0.06470619626149225 6
1753712671472 0.03916513097356074 7
1753712671697 0.029536568057180072 8
1753712671921 0.029217984282877297 9
1753712672147 0.03223518558467428 10
1753712672371 0.02558396538370289 11
1753712672596 0.06167174198005038 12
1753712672823 0.02373641765443608 13
1753712673048 0.05377966262215826 14
1753712673271 0.06156033844842265 15
1753712673499 0.06803269658703356 16
1753712673728 0.019310757946611072 17
1753712673965 0.027523073021438905 18
1753712674214 0.027368460432626307 19
1753712674453 0.04873335779411718 20
1753712674705 0.04408526003050307 21
1753712674949 0.06002744444025059 22
1753712675207 0.011714561306871474 23
1753712675458 0.013196550100110472 24
1753712675699 0.026096844950613256 25
1753712675956 0.029968639684375374 26
1753712676212 0.03313544063518445 27
1753712676468 0.06309465919427264 28
1753712676725 0.03050223589525558 29
1753712669893 0.23835240056117377 0
