1753546469772 0.0001 0
1753546500420 0.0001 1
1753546531392 0.0001 2
1753546561939 0.0001 3
1753546592576 0.0001 4
1753546622676 0.0001 5
1753546653280 0.0001 6
1753546683728 0.0001 7
1753546713980 0.0001 8
1753546744071 0.0001 9
1753546774277 0.0001 10
1753546804979 0.0001 11
1753546835077 0.0001 12
1753546865535 0.0001 13
1753546896486 0.0001 14
1753546933739 0.0001 15
1753546965865 0.0001 16
1753546995528 0.0001 17
1753547025097 0.0001 18
1753547054726 0.0001 19
1753547084466 0.0001 20
1753547114493 0.0001 21
1753547144986 0.0001 22
1753547174344 0.0001 23
1753547204664 0.0001 24
1753547238649 0.0001 25
1753547271299 0.0001 26
1753547301423 0.0001 27
1753547331669 0.0001 28
1753547367809 0.0001 29
1753547399946 0.0001 30
1753547432561 0.0001 31
1753547464833 0.0001 32
1753547494239 0.0001 33
1753547527451 0.0001 34
1753547557220 0.0001 35
1753547586421 0.0001 36
1753547615872 0.0001 37
1753547648278 0.0001 38
1753547678273 0.0001 39
1753547707926 0.0001 40
1753547737325 0.0001 41
1753547766564 0.0001 42
1753547795807 0.0001 43
1753547824952 0.0001 44
1753547854258 0.0001 45
1753547883753 0.0001 46
1753547913010 0.0001 47
1753547942230 0.0001 48
1753547972083 0.0001 49
1753548001960 0.0001 50
1753548031229 1e-05 51
1753548060665 1e-05 52
1753548090229 1e-05 53
1753548119593 1e-05 54
1753548148924 1e-05 55
1753548178707 1e-05 56
1753548209511 1.0000000000000002e-06 57
1753548239438 1.0000000000000002e-06 58
1753546469772 0.0001 0
