1753546469691 0.41187274670849244 0
1753546500328 0.12574289659348628 1
1753546531306 0.09447551288750644 2
1753546561857 0.07548358029414279 3
1753546592494 0.06754736404361514 4
1753546622595 0.06044307033438236 5
1753546653196 0.05190814769368929 6
1753546683636 0.04823801070748596 7
1753546713895 0.043504468345607165 8
1753546743986 0.03894881744092951 9
1753546774192 0.03817445668756651 10
1753546804888 0.035236211186430104 11
1753546834990 0.03319679128935483 12
1753546865448 0.03230796965303792 13
1753546896378 0.02959309982774236 14
1753546933654 0.026760494194119626 15
1753546965783 0.025652718265065537 16
1753546995442 0.02360027786815772 17
1753547025016 0.023874556056563353 18
1753547054645 0.02301151397441087 19
1753547084373 0.021498000939345122 20
1753547114399 0.021951796345825034 21
1753547144908 0.01977420823084928 22
1753547174266 0.018680714244246093 23
1753547204570 0.019087340985158033 24
1753547237416 0.018757338600165287 25
1753547271215 0.016999484083617667 26
1753547301333 0.01691951548558427 27
1753547331587 0.016697904637117365 28
1753547367728 0.017043769717214066 29
1753547399861 0.01516627686630818 30
1753547432475 0.014277541866242246 31
1753547464751 0.01455630131960182 32
1753547494158 0.013640328973956154 33
1753547527357 0.013603684882341137 34
1753547557138 0.014558588996162143 35
1753547586329 0.012589613023730635 36
1753547615787 0.010628631400722345 37
1753547648191 0.013288532189040173 38
1753547678190 0.012450116035122846 39
1753547707843 0.011459935767760422 40
1753547737235 0.012012135494597412 41
1753547766482 0.010882341679057087 42
1753547795724 0.010405941694595943 43
1753547824869 0.010590383976043692 44
1753547854175 0.010512477306603008 45
1753547883670 0.009830240416763445 46
1753547912927 0.010615276441934232 47
1753547942147 0.009785568662390082 48
1753547972000 0.009152372264556107 49
1753548001870 0.009361917438895034 50
1753548031142 0.009539815334403404 51
1753548060580 0.006755725900248156 52
1753548090146 0.006033130330975382 53
1753548119509 0.006230770597301065 54
1753548148838 0.005856867105557891 55
1753548178612 0.00593741335585734 56
1753548209415 0.006439723441830211 57
1753548239336 0.006104706713901881 58
1753546469691 0.41187274670849244 0
