1753546469710 0.8873333333333333 0
1753546500349 0.9610625 1
1753546531328 0.9713541666666666 2
1753546561878 0.976875 3
1753546592516 0.9790833333333333 4
1753546622616 0.9811666666666666 5
1753546653217 0.9838125 6
1753546683658 0.9850208333333333 7
1753546713916 0.9867708333333334 8
1753546744008 0.9883333333333333 9
1753546774214 0.9881875 10
1753546804910 0.9890416666666667 11
1753546835012 0.9895 12
1753546865473 0.989875 13
1753546896403 0.9909375 14
1753546933676 0.9919791666666666 15
1753546965804 0.9923958333333334 16
1753546995464 0.9927291666666667 17
1753547025037 0.9925 18
1753547054666 0.9932916666666667 19
1753547084394 0.99375 20
1753547114430 0.9933125 21
1753547144928 0.9936666666666667 22
1753547174286 0.9937291666666667 23
1753547204594 0.9943333333333333 24
1753547238583 0.993875 25
1753547271236 0.9949791666666666 26
1753547301354 0.9945416666666667 27
1753547331609 0.9945416666666667 28
1753547367750 0.9942291666666667 29
1753547399884 0.9955208333333333 30
1753547432498 0.9951666666666666 31
1753547464773 0.9959791666666666 32
1753547494180 0.9956041666666666 33
1753547527378 0.9956875 34
1753547557160 0.9954166666666666 35
1753547586351 0.9960208333333334 36
1753547615811 0.9964583333333333 37
1753547648214 0.9958541666666667 38
1753547678212 0.9959791666666666 39
1753547707866 0.9962916666666667 40
1753547737259 0.9960625 41
1753547766503 0.9964583333333333 42
1753547795745 0.9965208333333333 43
1753547824891 0.996625 44
1753547854197 0.996625 45
1753547883692 0.9967916666666666 46
1753547912949 0.9966458333333333 47
1753547942169 0.9971041666666667 48
1753547972022 0.996875 49
1753548001892 0.9968541666666667 50
1753548031164 0.9969166666666667 51
1753548060603 0.9979375 52
1753548090167 0.9981875 53
1753548119531 0.99825 54
1753548148860 0.9980833333333333 55
1753548178637 0.9985208333333333 56
1753548209438 0.9978333333333333 57
1753548239360 0.9981041666666667 58
1753546469710 0.8873333333333333 0
