1753712718611 0.21882302630498696 0
1753712718850 0.1349658807933641 1
1753712719090 0.06888674018167269 2
1753712719335 0.08204057980716849 3
1753712719590 0.06051433430257021 4
1753712719851 0.03658629101119004 5
1753712720113 0.00828114029718563 6
1753712720399 0.03207169085023149 7
1753712720660 0.027315574032157505 8
1753712720917 0.030534175428329036 9
1753712721159 0.027691349402690926 10
1753712721397 0.05097320476779714 11
1753712721635 0.025915072375210003 12
1753712721870 0.016945901961298658 13
1753712722105 0.015504852210870012 14
1753712722352 0.020141521561890842 15
1753712722591 0.05527130682991507 16
1753712722831 0.027199024375295266 17
1753712723067 0.022291573657033343 18
1753712723305 0.033864823658950625 19
1753712723546 0.03323327247865867 20
1753712723787 0.017695667433630054 21
1753712724021 0.0195998080210605 22
1753712724262 0.018871545636405546 23
1753712724503 0.010776332254560353 24
1753712724739 0.023713843146833825 25
1753712724985 0.029665595451175857 26
1753712725232 0.01651601542641098 27
1753712725474 0.010558671232623358 28
1753712725723 0.06791209030585985 29
1753712718611 0.21882302630498696 0
