1753712695476 0.20040081175393426 0
1753712695707 0.08505482461769134 1
1753712695931 0.05418179753226771 2
1753712696168 0.04904995131461571 3
1753712696387 0.03201473495767762 4
1753712696610 0.04637385218714674 5
1753712696831 0.031589735702921944 6
1753712697054 0.012618429836584255 7
1753712697282 0.07722686161190116 8
1753712697505 0.0034363738639513032 9
1753712697730 0.012971118158505608 10
1753712697955 0.006820418845745735 11
1753712698182 0.01724440643253426 12
1753712698410 0.008971300120659482 13
1753712698637 0.008460611139889806 14
1753712698864 0.00603263541997876 15
1753712699090 0.011843199226617192 16
1753712699322 0.008994807326234876 17
1753712699547 0.029387601969453194 18
1753712699777 0.007520538878937563 19
1753712700007 0.00640698427935907 20
1753712700242 0.034302501810210134 21
1753712700475 0.021043730313734462 22
1753712700707 0.007352948165498674 23
1753712700940 0.0038970076871919445 24
1753712701167 0.00606277753492274 25
1753712701406 0.003981225631044557 26
1753712701648 0.006137169092835393 27
1753712701891 0.014123055021627806 28
1753712702141 0.022504959812310214 29
1753712695476 0.20040081175393426 0
