1753712684436 0.20463381027026722 0
1753712684669 0.07516059656627476 1
1753712684899 0.05924899896684413 2
1753712685132 0.027850558059678104 3
1753712685364 0.05106832888947489 4
1753712685595 0.028746005730742277 5
1753712685830 0.03645959220787821 6
1753712686069 0.032281643819684784 7
1753712686302 0.01631124734946449 8
1753712686534 0.004681131672502185 9
1753712686769 0.048500176125283664 10
1753712687006 0.01823230243365591 11
1753712687247 0.006681536812296448 12
1753712687480 0.012089812882671443 13
1753712687714 0.008068452120157114 14
1753712687947 0.0058932345011271535 15
1753712688183 0.040258760335321615 16
1753712688420 0.004456160202001532 17
1753712688657 0.004861966338891458 18
1753712688895 0.007146966368115197 19
1753712689129 0.006529352532864626 20
1753712689374 0.0063182029291056095 21
1753712689608 0.011707948503802376 22
1753712689842 0.019227254549817493 23
1753712690074 0.013569484888769997 24
1753712690316 0.018030513252597302 25
1753712690556 0.025964382900080334 26
1753712690795 0.008824296825332567 27
1753712691034 0.022322792672396948 28
1753712691263 0.0072478462000920745 29
1753712684436 0.20463381027026722 0
