1753548275288 0.0001 0
1753548305703 0.0001 1
1753548335828 0.0001 2
1753548365588 0.0001 3
1753548395236 0.0001 4
1753548424898 0.0001 5
1753548454475 0.0001 6
1753548484264 0.0001 7
1753548514201 0.0001 8
1753548544044 0.0001 9
1753548573727 0.0001 10
1753548602987 0.0001 11
1753548632244 0.0001 12
1753548661627 0.0001 13
1753548691296 0.0001 14
1753548720599 0.0001 15
1753548750527 0.0001 16
1753548781007 0.0001 17
1753548811821 0.0001 18
1753548843386 0.0001 19
1753548874042 0.0001 20
1753548903614 0.0001 21
1753548932980 0.0001 22
1753548962278 0.0001 23
1753548991609 0.0001 24
1753549020980 0.0001 25
1753549051032 0.0001 26
1753549080451 0.0001 27
1753549109829 0.0001 28
1753549139692 0.0001 29
1753549170158 0.0001 30
1753549204279 0.0001 31
1753549236834 0.0001 32
1753549268532 0.0001 33
1753549305980 0.0001 34
1753549338563 0.0001 35
1753549370419 0.0001 36
1753549402002 0.0001 37
1753549434321 0.0001 38
1753549466109 0.0001 39
1753549497865 1e-05 40
1753549529918 1e-05 41
1753549561591 1e-05 42
1753549595137 1e-05 43
1753549627354 1e-05 44
1753548275288 0.0001 0
