1753548275201 0.3888284924775362 0
1753548305626 0.12523771854893614 1
1753548335748 0.09532289649468537 2
1753548365510 0.07771517924343546 3
1753548395159 0.06795421333261766 4
1753548424821 0.060926030931683875 5
1753548454387 0.05424652094529787 6
1753548484184 0.04693141112224354 7
1753548514122 0.0453752115831594 8
1753548543961 0.039800628288454994 9
1753548573648 0.03834401603857986 10
1753548602908 0.03574829818156043 11
1753548632150 0.03341191105547477 12
1753548661547 0.030834394180118883 13
1753548691216 0.02885724389681127 14
1753548720521 0.027055576033356676 15
1753548750440 0.026318654205737403 16
1753548780923 0.02524476317707255 17
1753548811739 0.022885576178397364 18
1753548843304 0.022596616216091207 19
1753548873962 0.022354352287909326 20
1753548903533 0.021158854797433985 21
1753548932894 0.021626579700542305 22
1753548962199 0.019188267734073935 23
1753548991526 0.017175589236845555 24
1753549020893 0.018222021018525995 25
1753549050950 0.01691931928446623 26
1753549080361 0.015445789884615806 27
1753549109748 0.0155946290037294 28
1753549139598 0.014807032503580559 29
1753549170059 0.013405906884006981 30
1753549204166 0.01513801025491921 31
1753549236738 0.014624833875811115 32
1753549268429 0.01315371494995755 33
1753549305856 0.014568633785714458 34
1753549338453 0.011836049554483906 35
1753549370310 0.012851417887766729 36
1753549401892 0.012346871481323737 37
1753549434214 0.011995722218263836 38
1753549466000 0.011953059105030358 39
1753549497759 0.011241275686531783 40
1753549529810 0.008163618207912804 41
1753549561493 0.008284732646163017 42
1753549595031 0.006784784689487727 43
1753549627246 0.007108537528211855 44
1753548275201 0.3888284924775362 0
