1753548275223 0.8942916666666667 0
1753548305646 0.9619791666666667 1
1753548335768 0.9713125 2
1753548365530 0.9760416666666667 3
1753548395178 0.9791458333333334 4
1753548424841 0.9814791666666667 5
1753548454415 0.9834583333333333 6
1753548484205 0.9861458333333334 7
1753548514142 0.9862083333333334 8
1753548543981 0.987375 9
1753548573668 0.9884166666666667 10
1753548602928 0.9887708333333334 11
1753548632171 0.9894583333333333 12
1753548661569 0.9904583333333333 13
1753548691236 0.9913958333333334 14
1753548720541 0.9916666666666667 15
1753548750463 0.9918958333333333 16
1753548780945 0.9920208333333334 17
1753548811760 0.9928125 18
1753548843324 0.9925625 19
1753548873983 0.9928333333333333 20
1753548903555 0.9936458333333333 21
1753548932915 0.9934583333333333 22
1753548962220 0.9940833333333333 23
1753548991547 0.9942291666666667 24
1753549020915 0.9941875 25
1753549050972 0.9947291666666667 26
1753549080382 0.9949583333333333 27
1753549109770 0.9952708333333333 28
1753549139622 0.9956666666666667 29
1753549170084 0.99575 30
1753549204193 0.9952708333333333 31
1753549236761 0.9952708333333333 32
1753549268453 0.9957708333333334 33
1753549305882 0.9954583333333333 34
1753549338480 0.9961875 35
1753549370345 0.9960416666666667 36
1753549401926 0.996 37
1753549434239 0.9961875 38
1753549466034 0.9960833333333333 39
1753549497792 0.9967083333333333 40
1753549529844 0.9976041666666666 41
1753549561516 0.99725 42
1753549595057 0.9980208333333334 43
1753549627281 0.9978958333333333 44
1753548275223 0.8942916666666667 0
