1753551426587 0.39907785125697653 0
1753551458810 0.1308898935765028 1
1753551490958 0.09449713617330417 2
1753551524656 0.08006909160944634 3
1753551558931 0.06734893261509327 4
1753551591425 0.0611889340931084 5
1753551622348 0.05323808847693726 6
1753551652764 0.05034121560386848 7
1753551683403 0.04421710016399932 8
1753551713251 0.04156501914859594 9
1753551742761 0.032655733768740904 10
1753551772261 0.03015572974338041 11
1753551801804 0.03054618156825503 12
1753551831215 0.029327767384801216 13
1753551426587 0.39907785125697653 0
