1753712706873 0.21300039240547144 0
1753712707136 0.17578875507072855 1
1753712707397 0.11847547719565531 2
1753712707664 0.08351822161736587 3
1753712707946 0.08851482649236762 4
1753712708199 0.048166095785563814 5
1753712708444 0.017685873239922028 6
1753712708690 0.07527933562620698 7
1753712708934 0.022933870152337478 8
1753712709211 0.009293364097296338 9
1753712709495 0.053425456643647826 10
1753712709754 0.01831450781513316 11
1753712710004 0.006918527539043377 12
1753712710265 0.02533871108122791 13
1753712710532 0.026426332097616977 14
1753712710772 0.018558093435907117 15
1753712711011 0.018977957415821343 16
1753712711254 0.03286534492508508 17
1753712711498 0.02654541086521931 18
1753712711734 0.023337756735660756 19
1753712711968 0.03419975467744128 20
1753712712207 0.017373881171806715 21
1753712712442 0.012587477667936279 22
1753712712681 0.022272445796988904 23
1753712712920 0.04384621824913969 24
1753712713165 0.030724896979518235 25
1753712713423 0.06412183842573237 26
1753712713673 0.011176504051157584 27
1753712713922 0.020938400759284072 28
1753712714183 0.01650904393948925 29
1753712706873 0.21300039240547144 0
